asdf_id,ln_NTLpc2012,ln_NTLpc2013,ln_NTLpc2014,ln_NTLpc2015,ln_NTLpc2016,ln_NTLpc2017,ln_NTLpc2018,ln_NTLpc2019,ln_NTLpc2020,ln_t400NTLpc2012,ln_t400NTLpc2013,ln_t400NTLpc2014,ln_t400NTLpc2015,ln_t400NTLpc2016,ln_t400NTLpc2017,ln_t400NTLpc2018,ln_t400NTLpc2019,ln_t400NTLpc2020
0,11.729473,12.111817,10.962022,11.699198,13.08561,13.647187,13.667681,13.595437,13.489282,11.414175,11.726494,12.039332,12.354541,12.671274,12.98705,13.300419,13.611585,13.921671
1,12.965525,13.142761,13.074501,13.143079,12.94834,13.821883,13.822321,13.803769,14.01637,12.862933,12.999367,13.136051,13.273612,13.412519,13.552914,13.693778,13.834767,13.975857
2,12.763059,12.927601,12.876277,12.199938,12.289141,13.406137,13.358246,12.98208,13.722827,12.547255,12.643209,12.739682,12.83794,12.93959,13.044642,13.151485,13.259406,13.368216
3,14.275025,14.39553,14.490864,14.518698,14.763354,14.827301,14.902343,14.960201,14.870754,14.310976,14.400444,14.489757,14.578773,14.667354,14.755211,14.842294,14.928737,15.014818
4,11.708997,12.14277,11.809417,11.976866,11.590055,12.510039,12.694351,12.807661,13.150372,11.61288,11.772615,11.932819,12.094685,12.259089,12.426621,12.596191,12.766927,12.938192
5,14.106005,14.155921,14.098324,14.249661,14.41263,14.606511,14.69456,14.667776,14.758524,14.038036,14.13244,14.226974,14.321885,14.41709,14.51233,14.607327,14.70205,14.796679
6,11.84995,12.121868,12.064876,12.086696,12.208024,12.586779,12.856441,12.83093,12.948944,11.821608,11.963864,12.106174,12.248992,12.39267,12.537156,12.681931,12.826605,12.971224
7,11.160867,11.181058,11.304965,11.21473,10.936804,12.358384,12.405064,12.700905,12.95393,10.808137,11.051854,11.296451,11.543138,11.793142,12.046875,12.302601,12.559368,12.816482
8,14.401511,14.563268,14.571879,14.534027,14.616848,14.774255,14.824553,14.874644,14.895752,14.428529,14.489658,14.550671,14.611686,14.672879,14.734228,14.795569,14.856846,14.918065
9,14.866138,14.909245,14.816506,14.798038,15.247589,15.581995,15.627427,15.579352,15.647954,14.725533,14.848745,14.972697,15.097771,15.22396,15.350508,15.476715,15.602466,15.728015
10,13.009224,13.189469,13.454541,13.720776,13.752002,14.019753,13.930296,13.721118,13.829017,13.206909,13.31461,13.421779,13.527602,13.631344,13.732757,13.83189,13.929516,14.026648
11,13.507306,13.617607,13.512738,13.562443,13.369541,13.758463,13.765905,13.893813,14.000477,13.440675,13.495484,13.550511,13.606252,13.663116,13.721396,13.780654,13.840544,13.900681
12,13.85072,13.915825,13.877556,14.07085,14.260408,14.491925,14.428947,14.4482,14.490512,13.842456,13.934018,14.025763,14.117776,14.209771,14.301347,14.392225,14.482606,14.572782
13,12.475634,12.596403,12.598006,12.942039,13.156141,13.519964,13.544935,13.406496,13.893617,12.419456,12.596004,12.772676,12.949611,13.126506,13.303045,13.478982,13.654616,13.830409
14,12.200444,13.137618,12.999252,13.428953,13.075991,13.826432,13.714197,13.697814,13.914568,12.637315,12.814082,12.989806,13.164207,13.337021,13.508654,13.678851,13.848159,14.017213
15,14.28063,14.418004,14.425545,14.725285,14.781401,14.911775,14.849732,15.007871,15.215886,14.288041,14.400168,14.512058,14.623709,14.7349,14.84567,14.956166,15.06671,15.17735
16,10.97025,11.605027,12.018225,12.15944,11.96717,12.427043,12.382975,12.301307,11.613662,11.546482,11.650993,11.754092,11.854224,11.950495,12.042769,12.13096,12.215937,12.299198
17,12.430891,12.562643,12.898828,13.028442,12.888318,14.134199,14.144353,14.040092,14.185773,12.365579,12.616412,12.867352,13.118449,13.369837,13.621416,13.871886,14.121234,14.37012
18,15.179578,15.309381,15.494772,15.610171,15.799557,15.882572,15.83716,15.796591,15.738008,15.313829,15.394498,15.474856,15.554368,15.632542,15.709028,15.783896,15.857648,15.930915
19,12.617414,13.060987,13.396778,13.521523,13.454311,13.860125,13.860334,13.72103,13.854123,12.92739,13.069546,13.210887,13.35061,13.488375,13.624271,13.758303,13.891064,14.023402
20,11.319993,11.68648,11.680683,12.212435,11.929468,12.627223,12.555879,12.165078,12.298267,11.548678,11.67775,11.806344,11.933928,12.059647,12.183347,12.30455,12.423883,12.542607
21,12.93473,13.031173,12.893003,13.149294,12.817938,13.505023,13.453346,13.43603,13.417105,12.878805,12.954753,13.030701,13.107038,13.183816,13.261185,13.338386,13.415262,13.491952
22,15.251921,15.301313,15.372664,15.364112,15.31518,15.482624,15.430475,15.376651,15.273892,15.311018,15.322061,15.332924,15.343398,15.353372,15.36278,15.371471,15.379587,15.387421
23,14.309451,14.355875,14.295951,14.338263,14.331608,14.491635,14.4674,14.533766,14.477603,14.285613,14.313991,14.342379,14.370941,14.399721,14.428686,14.457628,14.486503,14.515281
24,13.058928,13.374324,13.417976,13.737947,13.500731,14.080207,14.280909,14.106156,13.99958,13.187384,13.323956,13.460209,13.595933,13.730806,13.864862,13.997563,14.128906,14.2596
25,13.920903,14.131903,14.002171,14.217044,14.317792,14.842409,14.954834,14.949574,14.96524,13.866172,14.018622,14.171152,14.324181,14.477701,14.631448,14.784744,14.937448,15.08984
26,14.736639,14.828178,14.875238,15.052648,15.148048,15.289488,15.339477,15.554751,15.912871,14.650949,14.785467,14.919996,15.054841,15.190188,15.326226,15.463033,15.600595,15.738594
27,10.730674,11.345703,10.787542,11.226475,11.400406,11.979508,11.885247,11.634005,11.260047,10.959057,11.062256,11.164855,11.267002,11.367898,11.466652,11.562447,11.655746,11.747827
28,11.023699,11.577648,11.299252,11.287495,11.618604,12.438208,12.448123,12.564601,12.700596,11.008779,11.225562,11.442453,11.660316,11.879665,12.100077,12.320477,12.540635,12.760644
29,13.564124,13.5962,13.569588,13.492081,13.57894,13.896688,13.754159,13.744672,13.802014,13.518967,13.555135,13.5914,13.627953,13.664927,13.702121,13.739115,13.775974,13.81281
30,11.663002,11.92582,11.664354,11.579555,11.404048,12.109866,12.506551,11.842513,11.603292,11.684502,11.715406,11.746182,11.777234,11.808756,11.840454,11.871021,11.899823,11.927814
31,14.704949,14.817885,14.760598,15.026498,15.039363,15.080459,15.102781,15.020005,14.980186,14.777298,14.821077,14.864633,14.90775,14.949954,14.99107,15.031143,15.070444,15.109422
32,12.871309,13.039904,13.021305,12.91233,12.665746,13.387052,13.115406,12.982069,13.25602,12.894571,12.927277,12.959964,12.992852,13.026315,13.060518,13.094731,13.129039,13.163577
33,13.947895,14.062731,14.021522,14.118209,14.057749,14.180703,14.155675,14.094384,14.172895,14.000565,14.02331,14.045942,14.068422,14.090648,14.112643,14.134354,14.155886,14.177406
34,14.74915,14.934555,14.720303,14.647734,14.792378,14.990961,15.054479,14.914417,15.016956,14.738639,14.770681,14.802754,14.835317,14.86862,14.902444,14.936378,14.970241,15.004132
35,11.613524,11.749575,11.574602,11.665378,11.55348,12.358001,12.592727,12.445957,12.415921,11.467801,11.598051,11.728719,11.860558,11.99393,12.128714,12.263687,12.398195,12.532413
36,11.799503,11.746884,12.058753,12.064115,12.359368,12.652988,12.714182,12.640912,13.302593,11.666372,11.841311,12.016622,12.192386,12.368794,12.545713,12.722989,12.900731,13.079034
37,10.742499,11.168746,11.423622,11.757874,11.57228,11.896802,11.762656,11.956338,12.017996,11.032521,11.175498,11.317564,11.458041,11.596511,11.733308,11.868707,12.003389,12.137772
38,14.13457,14.288831,14.191193,14.526264,14.553106,14.79156,14.827806,14.737436,14.959869,14.148802,14.251907,14.3549,14.457901,14.560615,14.662927,14.764696,14.866105,14.967494
39,11.004858,11.207767,11.169427,11.146696,10.578244,11.201889,11.441593,11.016861,11.242233,11.052983,11.067288,11.081511,11.095903,11.110937,11.127213,11.143996,11.160745,11.177654
40,11.036834,11.265066,11.296137,11.679723,11.695697,12.570256,12.705338,12.709385,12.969632,10.9429,11.204398,11.466153,11.728554,11.99157,12.255042,12.518078,12.780569,13.042878
41,12.517784,12.562718,12.67379,12.833916,12.980081,13.505841,13.6258,13.799858,13.886134,12.371679,12.566056,12.760773,12.956189,13.152447,13.349378,13.546386,13.743265,13.940011
42,16.333235,16.303907,16.230894,16.215855,16.275097,16.429775,16.412796,16.392797,16.450665,16.250179,16.270933,16.291948,16.313482,16.33564,16.358288,16.381136,16.404074,16.427069
43,12.683128,13.098058,13.258794,13.306781,13.5805,13.914363,13.955122,14.01832,13.993828,12.857902,13.028962,13.199443,13.369071,13.537726,13.705125,13.871097,14.035992,14.20037
44,13.921669,13.991961,13.658136,13.714553,13.606177,14.078452,14.101517,13.895859,14.101439,13.793004,13.817057,13.841476,13.867045,13.894084,13.922533,13.951615,13.980938,14.010489
45,10.512505,10.824665,11.305967,11.823947,11.602824,11.913893,12.26298,12.041477,12.454404,10.732154,10.962547,11.192079,11.419892,11.645417,11.869092,12.091252,12.312339,12.533231
46,13.945875,13.970937,13.852778,13.987508,14.037924,14.42124,14.343394,14.210139,14.339809,13.879571,13.940114,14.000882,14.06213,14.123737,14.185407,14.246618,14.307446,14.368198
47,14.288793,14.37254,14.286156,14.331274,14.589657,14.630367,14.506494,14.727574,14.663788,14.265562,14.32116,14.376754,14.432523,14.488418,14.544141,14.599644,14.655094,14.710428
48,16.136614,16.16246,16.249706,16.041071,15.909311,16.07839,16.025558,16.074873,16.057259,16.143028,16.127087,16.111044,16.09494,16.079172,16.06399,16.049227,16.034748,16.020363
49,14.348044,14.492802,14.535605,14.828693,14.765313,14.934405,14.953238,14.891206,14.930144,14.44725,14.523747,14.599803,14.675186,14.749509,14.822762,14.894976,14.966466,15.037687
50,13.130419,13.471886,13.361244,13.550304,13.417977,13.862008,13.728658,13.513356,13.813176,13.2769,13.343349,13.409471,13.475215,13.540415,13.605085,13.668941,13.732338,13.795776
51,11.234113,11.499709,11.449511,11.414594,11.358541,12.16089,12.438215,12.642072,12.371647,11.137528,11.311687,11.486137,11.661623,11.838797,12.017694,12.197145,12.376342,12.555081
52,14.020355,14.101885,13.858262,14.004084,14.138793,14.17588,14.120941,14.018524,14.181759,13.993908,14.012072,14.030326,14.04894,14.067743,14.086461,14.104993,14.123459,14.142026
53,12.747141,13.031985,13.152573,13.356181,13.806041,13.606824,13.648361,13.442322,13.409041,13.005326,13.097165,13.18825,13.277802,13.364952,13.449031,13.530463,13.610077,13.688993
54,15.076444,15.231018,15.434374,15.641579,15.603376,15.754915,15.884377,15.817403,15.793097,15.122268,15.23562,15.348008,15.45887,15.567865,15.675104,15.780791,15.885328,15.989374
55,14.836177,14.943586,14.993167,15.149518,15.188038,15.168685,15.177381,15.115236,15.061507,14.94946,14.981401,15.013102,15.044194,15.074272,15.103187,15.131077,15.158238,15.185093
56,12.674383,12.973843,12.752456,12.695023,13.076737,13.281233,13.373134,13.489391,13.445713,12.662029,12.766315,12.870867,12.97623,13.08265,13.189674,13.296826,13.40387,13.510748
57,10.482319,10.738366,10.125191,11.665346,12.18,12.628349,12.704417,12.50685,12.300615,10.45023,10.766816,11.083489,11.400286,11.714846,12.025474,12.331636,12.634304,12.935387
58,14.330222,14.581783,14.334992,14.485292,14.550788,14.81057,14.572522,14.675741,14.696524,14.389254,14.432131,14.474864,14.517677,14.56045,14.602972,14.645019,14.686876,14.728652
59,10.737255,11.488508,11.842357,11.739442,11.968483,12.40281,12.495482,11.80812,12.423218,11.224151,11.393333,11.561073,11.726449,11.889245,12.049276,12.206555,12.361979,12.51717
60,10.930883,11.69942,11.235908,11.118041,11.147725,11.843778,11.922339,11.829238,11.848818,11.099336,11.201022,11.302278,11.403926,11.506626,11.610322,11.714057,11.817463,11.92069
61,11.779874,12.121855,12.019082,12.115847,12.550371,12.985168,12.882755,12.928549,12.81243,11.857358,12.010666,12.163851,12.317013,12.469893,12.621723,12.771943,12.920898,13.069214
62,12.032232,11.622311,12.070427,11.938525,12.130012,12.268112,12.461783,11.777094,12.205956,11.89886,11.938664,11.978741,12.018611,12.058036,12.096572,12.133954,12.170351,12.206745
63,14.23209,14.382336,14.441527,14.57631,14.736294,14.795832,14.786435,14.692548,14.645261,14.362721,14.421206,14.479518,14.537299,14.594091,14.649542,14.703645,14.756766,14.809477
64,12.45659,12.37872,12.023583,12.284378,11.785626,12.736921,12.54044,12.52628,12.547623,12.217175,12.251324,12.286043,12.322259,12.360232,12.400135,12.440701,12.481504,12.52237
65,13.429131,13.46646,13.440518,13.493644,13.46198,13.748031,13.920145,13.982779,14.073965,13.316664,13.40265,13.489031,13.576226,13.664532,13.754044,13.844343,13.935004,14.025786
66,13.019271,13.16298,13.080334,13.387435,13.43456,14.229434,14.480241,14.291691,14.196881,12.918814,13.112993,13.307539,13.502824,13.698657,13.894561,14.089397,14.282861,14.475626
67,13.038037,13.452986,12.824038,13.39183,13.701431,13.49284,13.719615,13.486271,13.75075,13.101464,13.183715,13.265731,13.348021,13.429987,13.511147,13.59169,13.671763,13.751836
68,13.796098,13.925883,13.876678,13.809074,14.115223,14.39993,14.545517,14.406324,14.329368,13.769862,13.860578,13.951452,14.042719,14.134423,14.226026,14.316943,14.40702,14.496679
69,14.993217,15.287768,15.363045,15.467303,15.212404,15.158121,15.11636,14.952693,15.02082,15.281505,15.257342,15.232465,15.206222,15.178287,15.148985,15.118728,15.087951,15.057085
70,11.524354,,,10.593502,11.74671,12.670238,13.354066,13.155997,13.0113,10.782747,11.085905,11.390763,11.699512,12.013157,12.329938,12.647429,12.964057,13.280014
71,13.034184,13.763329,13.526649,13.618875,13.428411,14.059639,14.063153,14.65064,14.612989,13.156686,13.332269,13.507218,13.682303,13.858339,14.035986,14.214824,14.394495,14.574263
72,15.382499,15.747074,15.17852,15.362138,15.436015,15.264794,15.256264,16.632818,15.328398,15.3578,15.394861,15.43193,15.470037,15.509583,15.55069,15.593306,15.636659,15.679135
73,12.870212,12.780443,12.481845,13.025775,13.250389,13.491218,13.482116,13.558185,13.450558,12.677547,12.796029,12.914968,13.034795,13.154852,13.274468,13.393206,13.511169,13.628687
74,13.199131,13.08174,12.88559,14.381168,14.216284,14.285216,14.280154,14.49392,14.442699,13.112699,13.316049,13.51953,13.722752,13.923732,14.122135,14.31836,14.513215,14.70741
75,13.214707,13.302881,13.111775,13.307447,13.379722,13.739936,13.78313,13.809674,13.971182,13.096533,13.199137,13.302117,13.406024,13.510929,13.616661,13.722718,13.828906,13.935184
76,11.532529,11.829352,11.772119,11.918586,11.91143,12.360648,12.410129,12.399663,12.432131,11.594029,11.711594,11.829,11.946396,12.063779,12.181086,12.297865,12.414119,12.530127
77,11.12111,11.216402,10.822715,11.136897,11.015928,11.676202,11.890684,12.076829,12.052365,10.855947,10.999847,11.144449,11.290963,11.439791,11.590952,11.743409,11.896331,12.049261
78,13.195299,13.861742,13.629529,13.436653,13.613691,14.136364,14.141716,14.049112,14.222711,13.381508,13.488718,13.595399,13.70202,13.809128,13.916613,14.023867,14.130845,14.237783
79,15.20465,15.313133,15.532446,15.627572,15.699404,15.62489,15.594668,15.596839,15.496399,15.373232,15.412676,15.451687,15.489599,15.525953,15.560627,15.593943,15.626374,15.6584
80,15.002275,15.039389,15.098962,15.117059,15.224504,15.258142,15.287727,15.299273,15.272297,15.01319,15.054561,15.095837,15.136929,15.177758,15.218195,15.258224,15.297928,15.337471
81,14.927679,14.951396,14.975737,14.993772,15.109373,15.088679,15.08114,15.121311,15.076282,14.943936,14.967706,14.991404,15.014978,15.038339,15.061338,15.084011,15.10646,15.128778
82,15.194334,15.249412,15.310001,15.330774,15.465351,15.488888,15.546068,15.608369,15.5685,15.181723,15.239892,15.297906,15.355689,15.413196,15.470315,15.527071,15.583534,15.639818
83,15.080007,15.152773,15.183089,15.231627,15.346977,15.444529,15.408751,15.440163,15.37806,15.109035,15.156079,15.203053,15.249837,15.296269,15.342137,15.387362,15.432114,15.47662
84,14.968677,15.009121,15.103973,15.154256,15.212852,15.259493,15.183592,15.199288,15.116496,15.030841,15.05754,15.084043,15.110036,15.135262,15.159573,15.183011,15.205873,15.228456
85,14.678388,14.732613,14.96193,15.13807,15.272942,15.247085,15.265887,15.255653,15.064047,14.81007,14.877165,14.943988,15.00986,15.074147,15.136532,15.197199,15.256606,15.315385
86,13.746446,13.865624,14.097184,14.322208,14.29395,14.362148,14.547462,14.491365,14.491277,13.852544,13.952879,14.052838,14.151942,14.249813,14.346504,14.442178,14.537036,14.631543
87,14.329881,14.613204,14.654897,14.719968,14.881354,15.411072,15.219244,15.111321,15.219294,14.447426,14.564019,14.680285,14.79608,14.9112,15.025248,15.137753,15.249206,15.360309
88,13.964966,14.090014,13.892122,14.118502,14.227074,14.466327,14.540196,14.5188,14.559948,13.911015,13.998796,14.086716,14.175137,14.263937,14.35285,14.441518,14.529867,14.618073
89,12.02282,12.314469,12.976243,13.139186,13.413723,13.625045,13.570858,13.451842,13.471703,12.375683,12.564631,12.752724,12.938481,13.120984,13.299811,13.475274,13.648501,13.820855
90,14.356997,14.711139,14.63433,14.782269,14.814971,15.047182,15.076065,15.057579,15.089047,14.501622,14.588004,14.673992,14.759575,14.844636,14.929117,15.01289,15.096114,15.179116
91,,,10.602103,10.745553,,,,11.002499,,10.392138,10.484367,10.576396,10.667968,10.758894,10.849175,10.938943,11.028391,11.117711
92,13.358333,13.429458,13.97529,14.415364,14.298758,14.544399,14.522425,14.395824,14.37876,13.591456,13.734844,13.87763,14.018491,14.156352,14.291125,14.423085,14.55313,14.682419
93,,,,,,,,10.679241,12.083443,0.85609514,2.2596321,3.6631527,5.0666537,6.4701333,7.8735948,9.2770443,10.680488,12.083931
94,14.825921,14.915927,14.967031,15.329285,15.310073,15.327459,15.253572,15.247247,15.284808,14.947662,15.003251,15.058868,15.11405,15.168097,15.220848,15.2725,15.323513,15.374303
95,11.653801,11.651055,11.544621,11.781006,13.509634,14.938654,14.944789,14.593039,14.265676,11.258047,11.746144,12.23517,12.725909,13.217423,13.706407,14.190286,14.669569,15.146648
96,17.135582,16.972696,16.485764,16.533453,16.368437,16.082375,15.979263,15.775344,15.650352,17.071051,16.885645,16.700418,16.515787,16.331617,16.147837,15.964454,15.781314,15.598307
97,14.342241,14.412356,14.46748,14.68291,14.702036,14.904196,14.889917,15.0488,15.472831,14.262204,14.38763,14.513144,14.638959,14.765173,14.891993,15.019466,15.147676,15.276378
98,13.311034,13.457634,14.03957,14.219823,14.155639,14.471442,14.353935,14.501428,14.573841,13.511954,13.6672,13.821958,13.975216,14.126513,14.27599,14.423866,14.570853,14.717479
99,10.843031,11.026976,11.163547,11.364182,11.175197,12.452695,12.336661,12.392379,12.510702,10.752256,10.9873,11.222624,11.458555,11.695274,11.932718,12.169536,12.405663,12.641466
100,12.725657,12.498956,12.910956,13.416804,13.416324,13.924345,13.606478,13.892367,13.931767,12.635224,12.822093,13.008642,13.194394,13.378626,13.561172,13.741961,13.92183,14.101274
101,14.736261,14.779941,14.949176,14.989614,15.008616,15.084654,15.10962,15.15235,15.160124,14.78049,14.835226,14.889867,14.944165,14.998021,15.051453,15.104498,15.157282,15.209941
102,12.126117,11.781968,12.294852,12.842576,13.418426,14.186701,14.15318,14.193547,14.43483,11.824346,12.186435,12.549068,12.911983,13.274279,13.634878,13.993071,14.349521,14.705294
103,13.701919,13.916398,13.853434,13.918464,13.783562,13.962886,13.969522,12.717381,12.179111,14.167013,14.021453,13.874659,13.725232,13.571721,13.413155,13.249091,13.080466,12.910012
104,13.30659,13.955654,14.09173,14.265445,14.255386,14.536832,14.337319,14.836815,14.938443,13.615571,13.783829,13.95131,14.117683,14.282959,14.447525,14.611693,14.776006,14.940314
105,12.41528,12.427837,12.624887,12.882914,13.070933,13.531357,13.451705,13.463385,13.498438,12.388669,12.552833,12.717039,12.88105,13.044404,13.206636,13.367353,13.526974,13.686124
106,13.324412,13.759028,13.76825,14.346536,14.460284,14.763294,14.706511,14.660737,14.625532,13.586551,13.761135,13.935079,14.107777,14.278209,14.445948,14.611027,14.774262,14.936722
107,13.257607,13.346404,12.869287,12.951998,13.611403,13.779317,13.730584,13.656613,14.015462,13.044991,13.148575,13.252813,13.358751,13.466473,13.575046,13.683904,13.792985,13.902349
108,12.967779,12.899415,13.298889,13.232337,12.96523,14.204261,14.178755,13.752165,13.31653,12.974282,13.088493,13.202685,13.316383,13.429348,13.541134,13.650134,13.756402,13.861305
109,,,10.58339,,11.301407,12.593824,12.449558,12.940996,12.299175,9.894412,10.290723,10.686399,11.081215,11.474689,11.865995,12.253881,12.638906,13.022123
110,15.349242,15.448937,15.680639,15.63573,15.540495,15.587828,15.620701,15.768291,15.620924,15.44694,15.481741,15.51619,15.549908,15.582929,15.615503,15.647771,15.679807,15.711617
111,10.972892,12.727139,12.817969,12.61923,12.861637,13.67106,13.561839,13.525519,13.524973,11.909201,12.169498,12.427486,12.682307,12.934079,13.182765,13.428144,13.671217,13.913318
112,12.445291,12.539536,12.909972,13.04202,13.06955,13.507483,13.507841,13.580702,13.525756,12.514099,12.668499,12.82271,12.97624,13.128814,13.280324,13.430513,13.579693,13.728366
113,,11.588088,11.508401,13.284425,13.902349,14.191922,14.067074,13.949429,13.931067,11.617049,11.997863,12.378629,12.758404,13.134065,13.503804,13.86774,14.227707,14.586034
114,13.281784,13.350233,13.214084,13.391801,13.337969,13.822867,13.804433,13.632038,13.748655,13.223887,13.294897,13.366074,13.437716,13.50974,13.581947,13.653711,13.725004,13.796179
115,12.900463,12.871461,12.670282,12.978934,13.153541,13.755634,13.705784,13.544678,13.708066,12.718884,12.851555,12.984774,13.119052,13.254108,13.389312,13.523785,13.657557,13.791125
116,12.023491,12.193045,12.014876,12.09696,12.791703,13.418798,13.254309,12.999351,12.530096,12.034744,12.176392,12.31787,12.459223,12.599738,12.737799,12.872266,13.003703,13.133634
117,14.299082,14.399073,14.872723,14.593278,14.565511,14.597764,14.518581,14.510588,14.483438,14.510014,14.518521,14.526689,14.53366,14.539439,14.544183,14.548112,14.551581,14.554873
118,11.951808,12.453313,12.214565,12.112204,12.03779,12.897444,12.760705,12.832557,12.994076,11.987436,12.107647,12.227521,12.347816,12.469254,12.591968,12.715011,12.838203,12.961478
119,12.861009,13.17774,12.882191,13.095637,12.94748,13.268729,13.329392,13.425451,13.560939,12.868335,12.942945,13.01761,13.092885,13.168988,13.246148,13.324039,13.402386,13.480932
120,11.95595,12.101479,12.209403,12.866371,12.699277,13.077621,13.36931,13.11388,13.000355,12.059763,12.225155,12.390352,12.554819,12.717567,12.878385,13.037014,13.193698,13.349511
121,14.264409,14.419916,14.531599,14.715197,14.798062,14.838556,14.643506,14.687301,14.712923,14.415586,14.469639,14.523211,14.575767,14.626802,14.676159,14.724103,14.771311,14.818254
122,12.63848,12.900718,12.831464,13.062901,13.075068,13.229088,13.124769,13.278179,13.325964,12.725561,12.808947,12.891567,12.973438,13.054427,13.134624,13.21417,13.293446,13.372605
123,13.320888,13.492677,13.389723,13.839242,13.743141,13.909614,14.034612,14.030461,14.12764,13.339062,13.443285,13.5479,13.652786,13.757433,13.861798,13.965799,14.069475,14.173038
124,15.25276,15.311551,15.355939,15.360492,15.356369,15.358749,15.353574,15.369954,15.349356,15.306971,15.316054,15.325065,15.333875,15.342432,15.35075,15.358879,15.366889,15.374837
125,11.193249,11.755485,11.928995,12.850277,12.566376,12.964146,13.042652,12.960474,12.975878,11.580372,11.80756,12.033792,12.257924,12.478542,12.695724,12.909754,13.1216,13.332554
126,12.223329,12.480124,12.601023,13.05615,13.090484,13.64776,13.453491,13.32638,13.425179,12.388222,12.551568,12.714805,12.877313,13.038178,13.196943,13.353273,13.507966,13.662064
127,14.412127,14.549397,14.39302,14.264812,13.895774,14.028775,13.796791,13.576406,13.617795,14.538708,14.416701,14.294621,14.172256,14.049638,13.927034,13.804328,13.68165,13.559119
128,15.133173,15.182434,15.203609,15.440356,15.565612,15.740238,15.772664,15.762011,15.858883,15.097297,15.201533,15.30586,15.410203,15.514241,15.61773,15.720548,15.822884,15.925052
129,13.231134,13.456015,13.586924,14.226672,14.269912,14.780699,14.746311,14.858893,14.990556,13.283143,13.524268,13.764951,14.004889,14.243336,14.480103,14.715059,14.948833,15.182129
130,12.939034,13.20193,13.196642,13.431231,13.97662,14.517215,14.501678,14.626217,14.323984,12.93833,13.1674,13.396626,13.625948,13.85481,14.082162,14.307265,14.530464,14.75259
131,15.481877,15.534071,15.594967,15.78004,15.868481,15.895213,15.818907,16.045946,16.465872,15.444005,15.541121,15.638373,15.735931,15.833856,15.932315,16.031561,16.13176,16.232542
132,14.806871,14.739148,14.693952,14.771725,14.784135,14.647929,14.756181,14.534673,14.659208,14.790281,14.770657,14.751026,14.731368,14.711514,14.691393,14.671122,14.650703,14.63036
133,13.308185,13.363756,13.354489,13.525996,13.584175,14.075256,14.449329,14.400416,14.442261,13.140602,13.312146,13.484052,13.65685,13.830746,14.005618,14.180728,14.355509,14.530072
134,11.784331,12.358377,12.712023,12.924989,12.905426,13.773343,13.756574,13.559895,13.453935,12.134927,12.36194,12.58805,12.812381,13.034372,13.253748,13.469909,13.683545,13.896079
135,15.115685,15.184456,15.299851,15.324154,15.375825,15.358822,15.40442,15.429269,15.409447,15.180375,15.216809,15.253116,15.28907,15.324564,15.359578,15.39422,15.428598,15.462843
136,13.876884,14.077285,14.176317,14.463789,14.425363,14.668703,14.635656,15.0053,14.922804,13.920958,14.060411,14.199293,14.337558,14.475104,14.61214,14.748755,14.885177,15.021353
137,10.722811,10.644499,11.86861,12.074862,11.451692,12.687267,12.635401,12.607388,12.606474,10.87487,11.140532,11.405755,11.668928,11.929601,12.188335,12.444498,12.698705,12.952047
138,13.120565,13.506806,13.403353,13.565067,13.283948,13.865589,13.74892,13.627684,13.436683,13.328481,13.374853,13.420711,13.465869,13.510101,13.553426,13.595301,13.635956,13.676013
139,12.372931,12.843854,12.859435,12.981889,13.182029,14.108327,14.16716,13.988897,14.140682,12.452123,12.690994,12.929662,13.168303,13.406922,13.645057,13.881682,14.116934,14.351656
140,14.42987,14.647592,15.122608,15.376103,15.562805,15.765947,15.825108,15.857086,15.913713,14.618078,14.813793,15.008945,15.202625,15.394202,15.583482,15.770689,15.956507,16.141754
141,14.770766,14.835711,14.989969,15.222374,15.465058,15.509666,15.595453,15.628345,15.642735,14.793861,14.920096,15.046213,15.171901,15.296701,15.42029,15.542757,15.66442,15.785725
142,14.304703,14.582602,14.856948,14.983956,15.058083,15.293236,15.172689,15.21209,15.185372,14.526097,14.637206,14.747766,14.857052,14.964602,15.070278,15.174173,15.276936,15.379214
143,14.732178,14.820464,15.046757,15.096764,15.051964,15.252794,15.163211,15.267936,15.229815,14.825373,14.889078,14.9525,15.015269,15.07725,15.138511,15.199057,15.259176,15.319074
144,13.075546,14.040798,14.04822,14.311068,14.287855,14.541946,14.435238,14.428925,14.491922,13.655209,13.793221,13.929656,14.063738,14.19499,14.323553,14.449797,14.574641,14.698969
145,11.75968,11.977299,12.530638,12.800404,12.874562,13.494406,13.459882,13.505089,13.4752,11.930422,12.169769,12.408618,12.646049,12.881449,13.114586,13.345213,13.574032,13.802037
146,,,10.845253,11.212099,11.11106,11.445148,12.062469,12.601957,12.335615,10.16027,10.459231,10.758072,11.056716,11.355305,11.654367,11.953827,12.253077,12.551785
147,,,,9.0870829,10.689002,11.710065,11.267939,11.428316,11.709373,5.4672394,6.4391069,7.4079962,8.3695459,9.3195868,10.255746,11.179072,12.094249,13.006183
148,12.882988,13.261202,12.955899,13.28274,13.633426,13.789057,13.695702,13.649264,13.721881,12.99703,13.107121,13.21689,13.32648,13.435379,13.542964,13.649112,13.75431,13.859166
149,,11.611485,11.564325,12.015735,12.200965,12.756626,12.927155,13.114767,13.086448,11.42041,11.645731,11.871641,12.098687,12.326646,12.555087,12.783271,13.010954,13.238257
150,11.916159,12.127945,11.68096,11.77951,12.069462,12.97976,13.345738,13.305672,13.495117,11.571021,11.804494,12.038744,12.275445,12.515376,12.758078,13.001975,13.246044,13.490128
151,13.153608,13.462275,13.452393,13.79294,13.966283,14.31205,14.143922,14.252079,14.341192,13.268356,13.422057,13.575353,13.728071,13.87974,14.030045,14.178887,14.326877,14.474534
152,15.783982,15.889646,15.945624,15.931272,16.068573,16.067829,16.034506,16.070211,16.010828,15.853837,15.885395,15.916777,15.94778,15.978279,16.008106,16.037317,16.066118,16.094709
153,10.906852,11.506156,11.579096,11.287613,11.201879,11.647434,11.781059,11.645848,11.48251,11.208495,11.270669,11.331892,11.392006,11.451473,11.510494,11.568647,11.62585,11.682549
154,13.137278,13.2332,13.273826,13.255597,13.684349,13.798589,13.676923,13.577967,13.652726,13.187443,13.260983,13.334579,13.408075,13.481165,13.553157,13.623872,13.693746,13.763344
155,13.59637,13.701573,14.24349,14.605399,14.757368,14.813674,14.997882,15.052667,15.008645,13.736814,13.938489,14.139334,14.338322,14.534688,14.728333,14.919715,15.109503,15.298569
156,13.869662,14.043253,14.220572,14.343882,14.445315,14.860713,14.977864,14.991923,14.957781,13.896817,14.054047,14.211058,14.367717,14.523915,14.679488,14.834066,14.987739,15.140953
157,14.291023,14.57548,14.692113,14.954174,15.169323,15.148293,15.115518,15.175693,15.079274,14.533547,14.632478,14.731009,14.828578,14.924517,15.018477,15.110721,15.201833,15.292413
158,12.95566,13.339245,13.357004,13.707369,14.007167,14.337263,14.239151,14.406114,14.353518,13.117858,13.305308,13.492414,13.678946,13.864331,14.048078,14.230041,14.410806,14.590977
159,15.148969,15.348484,15.357018,15.49303,15.564431,15.628885,15.626281,15.666994,15.692576,15.250102,15.312557,15.37524,15.437897,15.500233,15.56209,15.623467,15.684539,15.745478
160,15.038642,15.121744,15.19593,15.470874,15.380101,15.382466,15.310719,15.323008,15.272825,15.161426,15.192369,15.222996,15.25283,15.281329,15.308494,15.334571,15.359995,15.385136
161,12.924645,13.015098,12.843712,12.980716,13.020122,13.170831,13.093406,12.849773,12.809812,12.986871,12.983133,12.979321,12.975374,12.970896,12.965504,12.958936,12.951444,12.943619
162,13.301945,13.457727,13.502241,13.729353,13.723442,14.296646,14.295833,14.215137,14.015554,13.354617,13.476974,13.599232,13.721251,13.842652,13.963076,14.081861,14.199184,14.315758
163,14.031872,14.110291,14.286221,14.229628,14.492815,14.599625,14.742713,14.744843,14.724614,14.070082,14.166282,14.262202,14.357875,14.453392,14.54853,14.643153,14.737263,14.831107
164,11.676077,11.545042,11.186742,11.831067,12.111897,13.114492,13.488735,13.73474,13.718451,11.123292,11.460122,11.798318,12.139472,12.483655,12.830159,13.17735,13.524306,13.87088
165,14.469869,14.629332,14.62674,14.783537,14.947915,15.069673,14.978407,14.991732,15.054877,14.540321,14.615948,14.691396,14.766511,14.840977,14.914519,14.98713,15.059193,15.131066
166,12.480618,12.444643,12.153811,12.234407,12.842518,12.861281,12.917928,13.181817,13.118618,12.232866,12.346044,12.459668,12.574622,12.691024,12.808138,12.92561,13.043217,13.160721
167,13.325908,13.490806,13.713693,14.013796,14.16977,14.442043,14.483727,14.517187,14.527301,13.411688,13.578523,13.745349,13.911663,14.076881,14.240682,14.402966,14.564145,14.724833
168,12.288554,12.441654,12.013957,12.068072,12.737314,13.276232,13.495823,13.445415,13.322163,12.074866,12.249233,12.425237,12.603934,12.785352,12.968181,13.15099,13.333117,13.514762
169,11.370144,11.61974,11.461336,11.923879,11.687057,11.527287,11.609598,11.374829,11.553622,11.574839,11.575996,11.576634,11.576377,11.574558,11.571383,11.567343,11.562806,11.558259
170,11.328598,11.298354,11.269415,11.424201,11.645478,11.619339,11.871278,11.67347,11.833446,11.241807,11.319139,11.396498,11.47404,11.5516,11.628894,11.705865,11.782434,11.85894
171,11.607357,12.039173,11.802637,12.85365,13.403861,13.687118,13.769941,13.620424,13.595319,11.749336,12.048788,12.347695,12.64567,12.940963,13.232344,13.519739,13.804215,14.087461
172,,,8.9094744,8.4617643,9.5389624,9.0643864,10.932666,10.689624,10.549779,8.9599142,9.136075,9.3144693,9.4978352,9.6879005,9.8838015,10.084304,10.286123,10.488098
173,13.765187,13.97565,13.611985,13.789452,14.05797,14.628238,14.484783,14.460729,14.415348,13.699716,13.807443,13.915461,14.024401,14.134136,14.243952,14.352941,14.461163,14.569
174,11.136693,11.400161,11.328924,11.476696,11.913466,13.052657,12.948467,12.834251,12.772471,11.048312,11.310169,11.572208,11.834868,12.097983,12.360485,12.620847,12.879276,13.136794
175,8.3989782,11.457605,11.152056,11.893398,11.80409,11.646602,12.132884,12.490247,11.967638,10.136967,10.475253,10.809145,11.136744,11.457013,11.770804,12.079838,12.385526,12.689409
176,14.645034,14.721825,14.745097,14.810039,14.874146,14.855774,14.821787,14.912364,14.88145,14.690854,14.720594,14.750197,14.779548,14.80852,14.837066,14.865298,14.893377,14.921357
177,11.966887,12.415512,12.541306,12.490588,12.680049,13.01525,12.951568,12.887109,12.774978,12.225135,12.330611,12.435292,12.538739,12.640776,12.741109,12.83954,12.936557,13.032928
178,10.63462,11.034048,10.839752,10.346938,10.50624,10.665353,10.856929,10.623898,10.590781,10.750877,10.732165,10.71314,10.69428,10.676376,10.659361,10.642732,10.626005,10.609232
179,10.893571,11.276985,11.176655,11.608562,12.160162,12.677368,12.58875,12.454393,12.19693,11.041286,11.257029,11.472457,11.687239,11.900309,12.110398,12.316891,12.520587,12.722969
180,11.177557,11.555748,11.495173,11.778925,12.163674,12.30432,12.748124,12.502716,12.458899,11.291092,11.475257,11.659234,11.842979,12.026043,12.207812,12.388021,12.566641,12.744546
181,9.2937479,9.5337114,11.648579,12.437467,11.903049,12.125595,11.92183,12.17258,12.135463,10.147201,10.489861,10.830513,11.164719,11.490083,11.807395,12.118477,12.425941,12.731914
182,,11.461211,12.830345,12.912812,13.024042,13.783767,13.970683,13.937978,13.502084,11.189878,11.613047,12.033442,12.447918,12.85533,13.255687,13.649425,14.038299,14.424866
183,11.10135,11.471664,11.408619,11.530593,11.182233,11.637685,11.378053,11.375799,11.065836,11.370836,11.368248,11.36497,11.360599,11.354834,11.347803,11.339202,11.329452,11.319068
184,13.055533,12.758221,12.631656,12.868076,12.731273,13.222522,13.209654,13.096491,13.156042,12.765708,12.814345,12.86354,12.913815,12.965112,13.017258,13.069498,13.121587,13.173632
185,14.389609,14.509394,14.641928,14.698473,14.843316,14.91273,14.766972,14.869218,14.684929,14.512453,14.561624,14.610435,14.658439,14.705262,14.750635,14.794632,14.837729,14.880339
186,12.409545,12.461747,12.361794,12.226144,12.430234,12.619844,12.622381,12.572772,12.713662,12.329279,12.368406,12.407755,12.447755,12.488718,12.530408,12.572438,12.614648,12.656998
187,13.183057,13.296431,13.571731,13.701003,13.599036,13.959754,14.100343,14.025338,14.200422,13.242359,13.367496,13.492565,13.617316,13.741686,13.865833,13.989552,14.112874,14.236105
188,12.789799,12.891992,12.681444,12.733123,12.434813,12.974649,12.923487,12.839134,12.986378,12.721424,12.741409,12.761521,12.782333,12.804216,12.827422,12.851274,12.875469,12.899881
189,10.320004,10.492654,11.069509,11.76967,11.814026,12.523043,12.639444,12.516174,12.717716,10.447662,10.779904,11.111814,11.442344,11.77034,12.095472,12.417516,12.73731,13.056262
190,12.094969,11.990721,12.234592,12.445014,11.960151,12.628392,12.536715,12.537719,12.592682,12.041112,12.114615,12.188273,12.261908,12.335455,12.409309,12.482928,12.556316,12.629613
191,13.083481,13.483017,14.178823,13.732561,15.265366,16.019194,17.303104,17.534519,17.912195,12.732462,13.393109,14.054594,14.718033,15.384855,16.054029,16.724216,17.393999,18.063404
192,11.125926,11.421048,10.809463,11.666916,11.435715,12.467983,12.532765,12.550422,12.572334,10.953732,11.174307,11.395346,11.617913,11.841608,12.066154,12.290256,12.51363,12.736594
193,11.645684,12.049012,12.66795,13.147594,13.54782,13.935453,13.889807,13.77452,13.785006,12.018971,12.31047,12.601118,12.889352,13.173766,13.45361,13.729063,14.001512,14.272738
194,14.14234,14.346178,15.356277,14.543591,15.407452,15.431899,14.749665,14.698311,14.715562,14.60335,14.664081,14.723626,14.780038,14.832945,14.88138,14.92582,14.968116,15.009676
195,14.984024,15.046086,15.191525,15.329027,15.47703,15.511801,15.444725,15.430693,15.405645,15.071603,15.133675,15.195507,15.256653,15.316649,15.375219,15.432485,15.488907,15.544981
196,14.11663,14.142876,14.031043,14.076272,14.611152,15.042766,14.949009,14.986025,15.098724,13.94793,14.099716,14.252077,14.405521,14.560008,14.714671,14.868776,15.022405,15.17584
197,15.915195,15.330023,17.262503,16.612944,18.329561,17.064226,17.025127,17.020273,16.874985,16.21748,16.378702,16.53916,16.695518,16.846256,16.989641,17.127651,17.262453,17.395952
198,11.823375,12.394971,13.605743,13.669027,14.056748,13.804551,13.632543,14.001378,14.095535,12.498003,12.745364,12.991022,13.232436,13.468599,13.699599,13.926993,14.152598,14.377497
199,12.308645,12.456812,13.024199,13.342052,13.48383,13.625218,13.658942,13.77879,13.848326,12.492977,12.693115,12.892787,13.090931,13.286815,13.480334,13.671877,13.862191,14.051998
200,11.617991,11.751852,12.104955,12.213419,12.015748,12.735299,12.786155,12.511618,12.812508,11.686749,11.836847,11.986851,12.136377,12.285339,12.433837,12.5813,12.727915,12.874374
201,14.078337,14.512961,14.378693,14.451617,14.418343,15.112735,15.182878,15.050877,15.234577,14.117997,14.264904,14.411526,14.558194,14.705165,14.852424,14.999239,15.145534,15.291684
202,12.939719,13.230783,13.379786,13.60054,13.443162,13.830727,14.086247,14.124995,14.203806,13.030609,13.186392,13.341939,13.497206,13.652231,13.807323,13.962257,14.116877,14.271324
203,13.074283,13.342679,13.718156,13.620919,13.576541,13.683716,13.623878,13.85645,13.855509,13.29344,13.370727,13.447524,13.523236,13.597949,13.671989,13.745636,13.819187,13.892648
204,10.966654,10.842925,10.716396,11.102224,11.175421,11.685115,12.323029,12.424159,12.606041,10.540962,10.786093,11.032237,11.280613,11.531651,11.785339,12.040766,12.296778,12.552923
205,13.070878,13.094086,13.006439,13.17577,13.078244,13.334322,13.342347,13.275298,13.266569,13.038125,13.074148,13.110233,13.146507,13.182845,13.21919,13.255225,13.290923,13.326469
206,12.499701,12.527152,13.370846,13.715331,13.801206,14.007833,14.026466,14.130584,14.113626,12.706684,12.928943,13.150573,13.370067,13.586463,13.799671,14.010131,14.218803,14.426694
207,9.2293339,11.068646,11.469299,10.84718,11.940916,12.323587,12.53235,12.061993,11.755309,10.336075,10.629152,10.91951,11.205474,11.486743,11.762123,12.031554,12.29638,12.559197
208,13.102191,13.316445,12.951163,13.009604,12.90301,13.737365,13.630152,13.480597,13.507323,13.018476,13.085706,13.153164,13.22165,13.291458,13.362353,13.433129,13.503515,13.573733
209,11.902449,11.961741,11.886851,11.871136,12.23807,12.566091,12.667791,12.494729,12.564213,11.805402,11.91291,12.02072,12.129173,12.23828,12.347406,12.455914,12.563715,12.671247
210,11.494641,11.719218,11.586479,11.818361,11.907554,12.049405,12.025515,12.266498,12.097128,11.534916,11.622745,11.710383,11.797955,11.88527,11.972191,12.05864,12.144726,12.230478
211,11.600046,12.055971,12.722868,13.873537,13.695023,13.699249,13.890103,13.958178,14.248387,12.06015,12.378141,12.695024,13.008848,13.317732,13.621959,13.922752,14.221532,14.519633
212,10.793116,12.28035,12.160362,13.520945,14.263926,14.156604,14.399147,14.147098,13.920856,11.713942,12.120149,12.523963,12.923474,13.315859,13.699789,14.076305,14.447591,14.816637
213,13.522689,13.671186,13.296011,13.519088,13.600384,13.6779,13.621661,13.816386,13.674843,13.474135,13.504897,13.535677,13.567005,13.598815,13.630916,13.663123,13.695369,13.727485
214,12.865811,13.241977,13.359057,13.50446,13.679861,13.71347,13.825085,13.803826,13.630385,13.118243,13.220312,13.321731,13.421953,13.520532,13.617217,13.71216,13.805759,13.898687
215,11.987889,12.117006,12.713661,13.940349,14.03316,13.999243,13.914171,13.929434,13.919533,12.337721,12.609919,12.881206,13.149507,13.412333,13.669166,13.921047,14.169838,14.417384
216,12.186177,12.632467,12.159897,12.132979,12.01466,12.250091,12.011768,11.54068,11.545437,12.432246,12.338376,12.243722,12.148301,12.051931,11.954378,11.855325,11.755187,11.654777
217,,,,,,,,,,15.480513,15.628058,15.775623,15.923269,16.071033,16.218903,16.36684,16.514812,16.662802
218,,,,,,9.7289639,10.474122,10.71859,,6.1941185,6.8527918,7.5110235,8.168087,8.8231907,9.475709,10.125412,10.772702,11.418853
219,13.539456,13.630401,13.654044,13.70569,14.067371,14.58881,14.215257,14.163404,14.189987,13.556999,13.662175,13.767328,13.872343,13.976825,14.079962,14.181164,14.281118,14.380597
220,13.672376,13.733326,13.6793,13.865684,13.39992,13.386113,13.47111,13.412531,13.556828,13.732334,13.692996,13.653554,13.613958,13.574231,13.535015,13.496526,13.458598,13.421012
221,13.501852,13.403344,13.70672,13.699355,14.095668,14.069758,14.555643,14.452458,14.002918,13.440547,13.566568,13.692528,13.818076,13.942909,14.066417,14.188376,14.308572,14.427706
222,12.718737,12.253491,12.68138,11.970791,13.059818,13.134261,12.805609,12.057361,12.16077,12.544586,12.545607,12.545219,12.542918,12.53854,12.530486,12.518462,12.503687,12.488093
223,,,12.064542,12.43013,12.026308,12.382817,12.660036,12.430249,12.749248,11.588336,11.742935,11.896886,12.049416,12.200173,12.349757,12.49833,12.646143,12.793842
224,12.850372,12.270145,12.98966,13.020395,13.538148,13.827245,13.85024,13.773546,13.568689,12.637074,12.804852,12.972994,13.140766,13.307485,13.472159,13.634379,13.794622,13.953899
225,,,,,,,,8.4022131,,15.33724,15.09391,14.848802,14.599779,14.3449,14.083278,13.815901,13.546544,13.282624
226,13.264046,13.643016,13.478484,13.32832,13.014506,13.580554,13.74725,13.916623,13.912736,13.267926,13.334516,13.401093,13.468415,13.537436,13.608757,13.681673,13.75541,13.829354
227,,,11.486835,,,11.756324,12.083901,11.524367,11.453773,11.434958,11.47505,11.514903,11.554092,11.592123,11.62855,11.663114,11.695879,11.727957
228,,,,,,,,,,14.667815,14.684031,14.700146,14.716182,14.73215,14.748069,14.763945,14.779797,14.795642
229,14.866807,14.514709,13.328436,13.728804,12.210741,12.482363,13.401761,13.309133,12.166545,14.384259,14.115084,13.847017,13.582278,13.321794,13.066854,12.815972,12.5662,12.316056
230,14.192375,14.423289,14.475522,14.351869,14.460867,14.665648,14.610449,14.605318,14.705423,14.28682,14.341063,14.394914,14.448384,14.501684,14.554792,14.607578,14.66019,14.712782
231,12.811338,13.211657,13.253238,13.547496,14.013043,14.328117,14.640688,14.761347,14.845037,12.900952,13.166421,13.431291,13.696,13.960531,14.224504,14.487661,14.750015,15.01195
232,11.341706,11.856896,11.469512,11.645654,11.51468,12.117233,12.200528,12.315333,12.504048,11.363592,11.493499,11.623168,11.753533,11.885146,12.018286,12.152308,12.286814,12.421527
233,12.52552,12.603834,12.366149,12.293638,12.548205,13.115404,13.159461,12.8339,13.129378,12.358442,12.449155,12.540234,12.632429,12.726057,12.82059,12.915052,13.009205,13.103421
234,11.889303,12.181896,12.151069,12.410207,12.610416,12.598633,12.836986,12.604863,12.314984,12.092802,12.172585,12.251863,12.330173,12.406793,12.481203,12.553395,12.62365,12.692959
235,10.534692,11.045656,10.316389,9.987711,10.737294,11.744842,11.678713,11.193218,11.165443,10.436863,10.559628,10.682463,10.806842,10.933325,11.06042,11.186151,11.310249,11.433675
236,12.427973,12.40035,12.665472,12.681991,13.174557,13.25637,13.241959,13.197473,13.001272,12.463214,12.572759,12.682291,12.791293,12.899198,13.005177,13.109079,13.21139,13.312922
237,14.004328,14.129951,14.225359,14.342302,14.520549,14.627618,14.55881,14.592913,14.632957,14.075192,14.158701,14.241958,14.324719,14.406695,14.48764,14.567595,14.646948,14.726068
238,12.306353,12.360806,12.570354,12.640547,12.85239,13.492787,13.574535,13.629799,13.603768,12.216293,12.413724,12.61123,12.808966,13.006987,13.204926,13.402024,13.598251,13.794003
239,12.09132,12.408371,13.433284,13.969177,14.059537,14.191103,14.251712,14.36585,14.444266,12.536473,12.834887,13.131556,13.424486,13.71244,13.995541,14.274781,14.55164,14.827542
240,12.800995,13.029243,12.473411,12.439688,13.209846,13.552609,13.492575,12.896528,13.091051,12.709968,12.780011,12.850169,12.921106,12.99255,13.063018,13.131575,13.198504,13.265
241,13.663356,14.217049,14.543019,14.458429,14.183246,14.48632,14.681834,15.155162,15.81409,13.801178,13.994034,14.186537,14.378901,14.572217,14.767792,14.965947,15.166305,15.367779
242,13.471658,14.022366,14.256056,14.631018,14.812739,15.03815,15.011126,15.039104,15.064726,13.795415,13.998125,14.199618,14.39898,14.595432,14.788785,14.979383,15.168201,15.35629
243,13.059226,13.166594,13.275811,13.338776,13.659579,13.884566,13.862218,13.895,13.917587,13.067693,13.192019,13.316257,13.440309,13.563983,13.686831,13.808643,13.929704,14.050433
244,12.503491,12.525505,12.450808,12.788612,12.616614,12.727222,12.696062,12.808095,12.456834,12.541522,12.561931,12.582231,12.602217,12.621367,12.639619,12.656899,12.673353,12.689228
245,12.391796,12.50294,12.220534,12.143143,11.227632,,13.14746,13.011897,13.256627,12.01652,12.119032,12.222503,12.328855,12.440005,12.557404,12.679472,12.8037,12.928749
246,12.83669,12.888905,13.01808,13.207428,13.250712,13.413524,13.457482,13.552783,13.740231,12.815315,12.927141,13.039014,13.15088,13.262637,13.374322,13.485943,13.597609,13.709349
247,15.646919,15.97173,15.733511,15.523637,15.418943,15.321452,16.155062,15.101241,15.342029,15.793867,15.740822,15.687389,15.633801,15.580403,15.527267,15.474064,15.419945,15.365765
248,14.281108,14.449929,14.431755,14.387857,14.687201,14.889118,14.981176,15.142283,15.056471,14.24472,14.357767,14.470895,14.584389,14.698433,14.812717,14.926908,15.040864,15.154572
249,13.307944,13.270009,13.304201,13.482615,13.817886,13.683638,13.906926,13.76729,13.723289,13.277484,13.355186,13.432923,13.510562,13.587646,13.663651,13.738627,13.812676,13.886317
250,14.125651,14.401958,14.45481,14.582837,14.615471,15.015737,15.007574,14.980424,14.885722,14.248569,14.35638,14.463874,14.57085,14.677082,14.782378,14.886386,14.989341,15.091782
251,12.85624,13.28204,13.017145,13.440147,13.302353,13.935212,13.975463,13.930629,13.877288,12.940037,13.083477,13.226642,13.369766,13.512567,13.654929,13.796218,13.936498,14.07628
252,13.261922,13.488871,13.61469,13.808544,13.745666,13.987442,14.18101,14.090413,14.138058,13.36857,13.480861,13.592876,13.704367,13.815144,13.925273,14.034651,14.14333,14.251723
253,14.374326,14.420273,14.391219,13.326224,13.300724,15.091392,14.958072,14.83982,14.978235,13.985548,14.08514,14.185685,14.288999,14.39741,14.510842,14.626477,14.742946,14.859713
254,14.639404,14.733392,14.932327,15.023609,15.04461,15.137143,15.224611,15.18558,15.164871,14.728234,14.799913,14.871349,14.942149,15.012076,15.081096,15.149256,15.216742,15.28393
255,11.569273,11.719008,11.710056,12.031318,11.590591,11.992743,12.01841,12.335845,12.339443,11.554395,11.645722,11.73702,11.8285,11.920299,12.013063,12.106617,12.200732,12.294956
256,12.68868,12.587167,12.417052,12.665464,12.646493,13.450177,13.41748,13.357626,13.688821,12.390918,12.537932,12.685748,12.835225,12.986551,13.139495,13.292964,13.446651,13.600562
257,12.100587,12.189103,11.996174,12.35193,11.714493,12.976066,12.482377,12.750898,13.220808,11.91067,12.035322,12.16043,12.286867,12.415092,12.54573,12.677651,12.810803,12.944645
258,12.816376,12.981277,12.974352,12.976412,13.290551,13.551439,13.529034,13.199404,13.268157,12.895826,12.967663,13.039238,13.110399,13.180838,13.249903,13.317226,13.383187,13.448697
259,15.041297,15.599901,15.545012,15.662718,15.737869,15.834523,15.704282,15.538145,15.574255,15.414151,15.459465,15.503919,15.546927,15.588018,15.627005,15.664075,15.699935,15.735391
260,14.878062,15.137643,15.149461,15.424688,15.39941,15.511059,15.524742,15.548416,15.630835,15.002793,15.092489,15.181643,15.270024,15.357311,15.443578,15.528997,15.613914,15.698659
261,14.269787,14.474128,14.398679,14.778986,14.822573,14.868565,15.027428,15.077228,15.073188,14.330461,14.437411,14.544236,14.650894,14.756973,14.862389,14.967215,15.071542,15.175614
262,14.74639,14.99317,14.835302,14.979518,14.989851,15.283609,15.187818,15.159214,15.177171,14.822779,14.877357,14.931771,14.986115,15.040244,15.093997,15.147088,15.199703,15.25213
263,13.756709,14.099411,14.091085,14.008143,14.188949,14.163856,14.176146,14.265531,14.265168,13.912055,13.962985,14.013404,14.063224,14.112557,14.161371,14.209829,14.258102,14.306271
264,13.888996,14.051833,14.037438,14.171875,14.240476,14.323298,14.401109,14.352259,14.272827,13.987791,14.041775,14.095515,14.148932,14.201802,14.253963,14.30534,14.35604,14.406406
265,12.982017,12.997929,12.851935,13.165432,13.32569,13.504444,13.573261,13.652363,13.604542,12.878965,12.982492,13.086272,13.190596,13.295163,13.399618,13.503676,13.607316,13.71069
266,12.990802,13.236444,13.183038,13.393464,13.548257,13.590739,13.833621,13.878931,13.843756,13.043116,13.158169,13.272996,13.387687,13.502105,13.616128,13.729752,13.842905,13.955778
267,13.231101,13.355973,13.802987,14.026737,14.180013,13.958911,13.934581,14.114433,14.137798,13.450044,13.556086,13.661592,13.765537,13.867261,13.966744,14.064754,14.162039,14.259021
268,14.333065,14.55587,14.478055,14.617782,14.477718,14.759388,14.734159,14.716203,14.767035,14.399689,14.45132,14.502515,14.553333,14.603771,14.653987,14.703824,14.753388,14.802863
269,13.252826,13.264009,13.291808,13.713896,13.846591,13.730845,13.871246,13.966402,13.979514,13.247841,13.350327,13.453101,13.555939,13.658214,13.75969,13.860604,13.961122,14.061435
270,14.669408,14.777907,14.755293,14.849715,14.861565,14.917558,14.938866,14.926471,14.943286,14.701532,14.738416,14.775017,14.811287,14.847124,14.882528,14.917531,14.952249,14.98686
271,13.611306,13.85714,13.628805,13.836141,13.995222,14.388242,14.394575,14.386525,14.433756,13.595259,13.710325,13.825573,13.941371,14.057607,14.1739,14.289714,14.405051,14.520171
272,11.280884,11.786418,11.496154,12.016901,12.188856,12.944759,13.315252,13.219859,13.273086,11.299079,11.574515,11.849899,12.125957,12.402531,12.679192,12.954975,13.229583,13.503615
273,14.134018,14.484794,14.613311,14.670277,14.640354,15.149509,15.209456,15.232661,15.341998,14.259388,14.403003,14.546542,14.689949,14.833326,14.976732,15.119744,15.262365,15.404832
274,14.087984,14.324896,14.415656,14.50495,14.399582,14.833154,14.845898,14.779891,14.870549,14.186714,14.281592,14.376286,14.470679,14.564758,14.658595,14.751842,14.844594,14.937179
275,14.912615,15.35514,15.095062,15.180097,14.827085,15.383987,15.545277,15.587832,15.590024,14.98081,15.05363,15.126272,15.19935,15.273396,15.348889,15.425201,15.501787,15.578401
276,15.026182,15.170275,15.04169,15.216881,15.339732,15.340268,15.304295,15.264831,15.186154,15.091667,15.122491,15.152895,15.182808,15.211885,15.239861,15.266795,15.292995,15.318863
277,13.933394,14.249453,14.303491,14.454167,14.431835,14.636372,14.702959,14.722007,14.765482,14.101197,14.196301,14.290784,14.384561,14.477573,14.569942,14.66167,14.752927,14.843989
278,14.189932,14.642462,14.482615,14.727576,14.686303,14.992695,14.903366,14.93195,15.058476,14.371168,14.463779,14.555866,14.647454,14.738386,14.828705,14.918321,15.007556,15.096698
279,14.518625,15.036549,14.876695,14.991052,14.808991,15.005325,14.849067,14.931428,14.901883,14.796777,14.819201,14.840928,14.861797,14.881732,14.900983,14.919617,14.937964,14.956176
280,14.242324,14.520371,14.510569,14.629852,14.594296,14.62001,14.547895,14.572067,14.58016,14.425974,14.454693,14.482986,14.510548,14.537127,14.562786,14.587719,14.61227,14.63668
281,13.479246,13.613737,13.476455,13.29146,13.21468,13.309767,13.549061,13.571445,13.840304,13.387636,13.408425,13.429491,13.451538,13.475389,13.501468,13.529544,13.558907,13.588899
282,13.603732,13.727363,13.789095,13.870354,13.883122,14.110579,14.182876,13.935224,14.041568,13.671576,13.730513,13.7893,13.847726,13.905575,13.962694,14.018869,14.074256,14.129424
283,13.166415,13.436739,13.23898,13.683952,13.633486,13.843046,13.832735,13.863638,13.89426,13.251387,13.345037,13.438462,13.531693,13.624267,13.716094,13.807116,13.897584,13.987818
284,15.405603,15.348642,15.235342,15.694839,16.066872,15.896914,15.971373,15.890953,15.910042,15.350111,15.441926,15.533779,15.625555,15.716401,15.805628,15.89343,15.980225,16.066628
285,14.439483,14.561179,14.675284,14.841216,14.923239,15.074631,14.924683,14.956202,14.89496,14.556998,14.622137,14.687003,14.751156,14.814121,14.875648,14.93576,14.994983,15.053808
286,14.519449,14.361357,14.322481,14.394985,14.303888,14.54605,14.434202,14.512038,14.481902,14.389872,14.399095,14.408673,14.41885,14.429645,14.441025,14.452641,14.464404,14.476182
287,14.416492,14.552449,14.415353,14.490832,14.502599,14.773561,14.735674,14.899244,14.887527,14.375624,14.438487,14.501435,14.564857,14.628924,14.693629,14.758641,14.823834,14.889024
288,13.572234,13.895943,13.817843,14.043299,14.006516,14.322226,14.211226,14.418634,14.309344,13.692226,13.786758,13.880979,13.974867,14.068241,14.161088,14.253249,14.344956,14.436349
289,14.175213,14.473257,14.261801,14.320817,14.569467,14.57697,14.556871,14.447141,14.591069,14.27727,14.318987,14.360431,14.401735,14.442782,14.483254,14.52315,14.562699,14.602222
290,14.430117,14.506387,14.398243,14.370313,14.29117,14.476109,14.495609,14.495955,14.289066,14.436521,14.431428,14.426316,14.421351,14.416635,14.412136,14.407511,14.402577,14.397374
291,13.454017,13.618526,13.576169,13.887194,14.076735,14.296232,14.30516,14.080192,13.917086,13.566916,13.655703,13.744215,13.832086,13.918528,14.002894,14.08493,14.165118,14.244486
292,12.050404,11.952187,12.334065,12.522184,12.387774,12.611583,12.481497,12.593343,12.778221,12.06325,12.151646,12.239997,12.327786,12.414729,12.501026,12.586816,12.672507,12.758247
293,13.88855,13.944161,13.998655,13.953891,13.982937,14.119505,14.100601,14.188787,14.122115,13.89922,13.933081,13.966869,14.000613,14.034414,14.068264,14.102023,14.135679,14.169216
294,12.616227,12.970838,12.920401,12.894548,13.16798,13.484302,13.37316,13.464634,13.599308,12.683252,12.804646,12.925336,13.045523,13.165404,13.284793,13.403514,13.521889,13.64016
295,11.301866,8.4083023,9.2181635,10.988674,11.520977,13.200438,13.250231,13.491069,13.562834,9.364893,9.9300699,10.500046,11.075849,11.655304,12.236019,12.815268,13.392729,13.969172
296,14.144727,14.405865,14.299105,14.513029,14.659641,14.676563,14.668118,14.851027,14.932101,14.205813,14.297277,14.388575,14.479776,14.570725,14.661356,14.751813,14.842291,14.932767
297,11.60187,11.61943,11.396887,11.732271,11.938671,12.70119,12.568046,12.693629,12.305811,11.436921,11.59302,11.749422,11.906618,12.064223,12.221414,12.377056,12.531209,12.684418
298,12.769301,13.162932,13.257466,13.545271,13.273785,13.800468,13.983851,13.999886,14.217224,12.889499,13.057003,13.224181,13.391013,13.557558,13.724264,13.890867,14.057294,14.223703
299,14.824659,15.062482,14.983174,15.141378,15.12588,15.301893,15.265448,15.315965,15.24665,14.917168,14.973615,15.02971,15.08539,15.140483,15.194947,15.248711,15.30197,15.354957
300,9.4283895,9.7353792,9.51408,10.376223,9.8915854,10.510271,11.314374,11.577715,12.067124,9.1938925,9.5141582,9.8352995,10.158504,10.484158,10.813191,11.145056,11.478441,11.812464
301,13.970119,14.022805,14.058771,14.224641,14.299009,14.274749,14.300216,14.288933,14.341874,14.006871,14.056106,14.105058,14.153591,14.201447,14.248549,14.295062,14.341217,14.387257
302,12.102664,12.210238,12.059753,12.449889,12.423377,12.862268,12.51636,13.081246,13.253907,11.985104,12.125208,12.265589,12.406759,12.548717,12.691567,12.835101,12.979536,13.124297
303,12.018444,12.238369,12.587098,12.874191,12.736145,13.116695,13.042017,13.06734,13.128998,12.203535,12.344604,12.485012,12.62401,12.76111,12.896448,13.030097,13.162676,13.294841
304,11.752512,11.36921,11.156315,12.66501,12.676821,12.826918,12.759354,12.273867,12.394738,11.620675,11.770907,11.921438,12.071597,12.2188,12.361948,12.501089,12.637432,12.772829
305,10.055959,10.249582,11.28919,11.200473,10.889735,11.531799,11.339581,9.6009951,10.570245,10.68497,10.709558,10.732504,10.751065,10.763888,10.770743,10.771716,10.768793,10.765383
306,14.031879,14.108841,14.868207,15.27308,15.407921,15.510151,15.518192,15.459398,15.427073,14.307862,14.503064,14.69753,14.889582,15.077971,15.262403,15.443413,15.622149,15.799956
307,9.5372181,10.808157,10.412785,10.835111,10.982759,11.891447,11.842811,11.79003,11.634277,10.040387,10.30439,10.566875,10.827782,11.086664,11.343094,11.596384,11.847219,12.096896
308,12.9778,13.106087,13.217257,13.881933,14.587778,14.97838,14.868569,14.903762,14.964916,12.974658,13.275074,13.57544,13.875359,14.173529,14.468677,14.760556,15.0502,15.33891
309,13.087831,13.044737,12.371195,13.043871,13.678511,14.201039,14.028488,13.978162,14.139791,12.722219,12.917219,13.112535,13.309357,13.507023,13.704206,13.900005,14.094768,14.289157
310,13.262505,13.277983,13.127487,12.85134,12.801801,12.864883,12.76887,12.673865,12.508374,13.255548,13.169398,13.082376,12.99483,12.907224,12.81966,12.731978,12.644134,12.556168
311,12.91776,13.442817,13.480268,13.448194,13.556616,14.137012,13.961837,13.813213,14.008043,13.155014,13.278204,13.400703,13.522303,13.642991,13.762572,13.880636,13.997707,14.114512
312,12.178743,13.019444,12.945122,12.820623,12.141207,12.980968,12.882715,12.633085,13.123822,12.569018,12.61473,12.65943,12.703157,12.746666,12.791002,12.835698,12.880763,12.926322
313,12.58182,13.020757,13.305484,13.251059,13.39905,13.745503,13.964854,13.90443,13.723898,12.826774,12.980948,13.134492,13.28691,13.438128,13.587996,13.73625,13.883034,14.029055
314,12.295316,12.648729,12.99599,13.222417,13.164979,13.650867,13.615282,13.494851,13.606053,12.550865,12.713429,12.875342,13.035809,13.19433,13.350876,13.505342,13.658377,13.810899
315,14.093115,14.243064,14.314246,14.383548,14.360169,14.536132,14.54461,14.53838,14.527023,14.176022,14.231207,14.286196,14.340807,14.394938,14.448585,14.50166,14.554299,14.606737
316,14.298051,14.467481,14.463249,14.843582,14.893318,15.059706,14.988082,14.843306,14.896598,14.429502,14.512098,14.594408,14.676012,14.756169,14.834547,14.911162,14.986595,15.061617
317,14.975321,14.845342,14.51095,14.815902,13.964927,14.417185,15.181916,15.322959,15.308195,14.577806,14.631923,14.686817,14.744027,14.804652,14.869966,14.939147,15.010243,15.081903
318,13.835391,14.078139,14.050739,14.120389,14.186862,14.458907,14.584927,14.751535,14.79083,13.837213,13.956558,14.075949,14.195683,14.315997,14.436936,14.558224,14.679641,14.801034
319,12.699301,13.512669,12.829611,12.942008,12.77023,13.503587,13.383938,13.321722,13.42586,12.882533,12.950214,13.017233,13.08453,13.152578,13.221496,13.290442,13.359283,13.428119
320,12.944845,13.188937,13.038713,13.559096,13.498256,13.829914,13.799707,13.758077,13.932871,13.007211,13.13308,13.258745,13.384209,13.508924,13.632786,13.755653,13.877887,13.999953
321,14.336792,14.639027,14.666243,14.644036,14.668239,14.691494,14.600359,14.446645,14.545346,14.561319,14.568406,14.574867,14.580296,14.584508,14.587489,14.589428,14.590771,14.591999
322,11.096864,11.730117,12.159902,12.9846,13.12158,13.25715,13.156602,13.017354,12.965384,11.681742,11.921236,12.159402,12.394252,12.623803,12.847545,13.066216,13.281574,13.495608
323,13.294263,13.240654,13.094374,13.320799,13.378857,13.854795,13.763322,13.688185,13.610897,13.176998,13.250252,13.323884,13.398174,13.47283,13.547368,13.621065,13.693969,13.766486
324,13.333082,13.691397,13.423788,13.601381,13.905796,14.162538,14.217215,14.281428,14.293981,13.355878,13.486215,13.616454,13.747018,13.877846,14.008511,14.138659,14.268323,14.397727
325,12.724357,12.765115,12.734338,12.834764,12.790068,13.252736,13.121376,12.758704,12.816501,12.760046,12.787679,12.815227,12.842542,12.869268,12.895039,12.919282,12.942324,12.964994
326,12.606881,12.83466,12.920321,13.299421,13.644588,13.754472,13.696728,13.683892,13.73662,12.738584,12.893964,13.04914,13.20358,13.356435,13.507092,13.655662,13.802867,13.949539
327,12.560783,12.926614,13.069566,13.370352,13.417112,13.701503,13.660465,13.690032,13.809078,12.767426,12.917149,13.066371,13.214619,13.361432,13.50673,13.650585,13.793546,13.936187
328,10.495173,11.142213,11.081402,10.981798,11.600516,13.392558,13.60835,13.476718,13.25082,10.409938,10.835361,11.260805,11.687248,12.115226,12.543507,12.969569,13.393022,13.815061
329,12.369984,12.689659,12.598029,12.489933,12.158588,12.688954,12.67971,12.454457,12.506784,12.507328,12.51003,12.51238,12.514539,12.516868,12.519676,12.522372,12.524792,12.52716
330,14.043736,14.304612,14.622454,14.616975,14.62691,14.713302,14.759669,14.703204,14.750033,14.271242,14.348767,14.425659,14.501241,14.575325,14.648011,14.719532,14.790282,14.860755
331,14.830629,14.832173,14.799567,14.84371,14.936918,14.934778,14.908269,14.899643,14.897306,14.825603,14.837757,14.850101,14.862607,14.875128,14.88746,14.899558,14.911498,14.923371
332,11.627821,11.866453,12.360714,12.430019,12.957076,13.228811,13.225935,13.143708,13.278921,11.805662,12.027378,12.248624,12.468545,12.686565,12.902014,13.114895,13.326034,13.53653
333,13.220938,13.373949,13.391699,13.612439,13.508164,13.908375,13.930728,14.010207,14.041717,13.228659,13.338234,13.447775,13.557356,13.666914,13.776521,13.885851,13.994907,14.103808
334,11.772925,12.116326,12.15148,12.424253,12.201121,12.728325,12.711594,12.526122,12.660281,11.950671,12.056045,12.161062,12.265429,12.368828,12.471334,12.57261,12.672954,12.773015
335,12.492797,12.624211,12.607797,12.726577,12.453653,13.321297,13.547437,13.557386,13.614791,12.346036,12.505786,12.665892,12.827004,12.989628,13.154016,13.319086,13.484166,13.649159
336,13.36819,13.575068,13.61804,13.495672,13.447402,13.448136,13.548077,13.626554,13.782817,13.437716,13.46419,13.4905,13.51674,13.543318,13.570594,13.598685,13.627409,13.656447
337,13.512844,13.782353,14.004062,14.090482,14.155444,14.312911,14.405271,14.465884,14.42262,13.671997,13.787828,13.903152,14.017546,14.130844,14.243058,14.354264,14.464714,14.574782
338,14.033656,14.129831,14.185493,14.200772,14.077264,14.377934,14.36764,14.216285,14.133569,14.11175,14.132771,14.15361,14.174085,14.194088,14.213583,14.232241,14.250145,14.267714
